%YAML:1.0
---
type: IMU
name: xsens
Gyr:
   unit: " rad/s"
   avg-axis:
      gyr_n: 7.6208793914995304e-03
      gyr_w: 9.8953221595021452e-05
   x-axis:
      gyr_n: 7.8381947517330974e-03
      gyr_w: 9.8568522229490265e-05
   y-axis:
      gyr_n: 7.6598186494559010e-03
      gyr_w: 1.0775257937732115e-04
   z-axis:
      gyr_n: 7.3646247733095910e-03
      gyr_w: 9.0538563178252927e-05
Acc:
   unit: " m/s^2"
   avg-axis:
      acc_n: 1.3235088123689375e-02
      acc_w: 6.4418456179738250e-04
   x-axis:
      acc_n: 1.5350996202500656e-02
      acc_w: 9.4999307059980475e-04
   y-axis:
      acc_n: 1.3350499453041878e-02
      acc_w: 6.5364982083349987e-04
   z-axis:
      acc_n: 1.1003768715525591e-02
      acc_w: 3.2891079395884286e-04
