%YAML:1.0
---
type: IMU
name: bno085
Gyr:
   unit: " rad/s"
   avg-axis:
      gyr_n: 1.4541375237386571e-03
      gyr_w: 6.8031064570609247e-06
   x-axis:
      gyr_n: 1.5275344723969821e-03
      gyr_w: 9.5329697484209110e-06
   y-axis:
      gyr_n: 1.3222297620668652e-03
      gyr_w: 4.3881629005354013e-06
   z-axis:
      gyr_n: 1.5126483367521248e-03
      gyr_w: 6.4881867222264592e-06
Acc:
   unit: " m/s^2"
   avg-axis:
      acc_n: 3.0084253938131428e-02
      acc_w: 9.5302660666611268e-04
   x-axis:
      acc_n: 2.5480364805607298e-02
      acc_w: 6.6114448287220946e-04
   y-axis:
      acc_n: 2.6269584806226074e-02
      acc_w: 3.4440294273026581e-04
   z-axis:
      acc_n: 3.8502812202560924e-02
      acc_w: 1.8535323943958627e-03
